00000d00
930000e8
40000000
930000e4
00000001
930000e8
50000000
930000e4
00000001
930000e8
60000000
930000e4
00000001
930000e4
00000001
930000e8
7e000023
930000e4
00000001
930000a0
c03e0310
00000000
deadbeef
deadbeef
deadbeef
deadbeef
deadbeef
deadbeef
424f4f54
20202020
20202020
20202020
20202020
20202020
20202020
20202020
52314120
20202020
20202020
20202020
20202020
20202020
00000000
00000000
00000000
00000000
00000000
00000000
00000000
00000000
00000000
00000000
00000000
00000000
00000000
00000000
00000000
00000000
00000000
00000000
00000000
00000000
00000000
deadbeef
18000000
a8000000
18200000
a8213560
e0400004
e0600004
e0800004
e0a00004
e0c00004
e0e00004
e1000004
e1200004
e1400004
e1600004
e1800004
e1a00004
e1c00004
e1e00004
e2000004
e2200004
e2400004
e2600004
e2800004
e2a00004
e2c00004
e2e00004
e3000004
e3200004
e3400004
e3600004
e3800004
e3a00004
e3c00004
e3e00004
18400000
a8420f5c
44001000
15000000
00000000
00000000
00000000
00000000
00000000
00000000
00000000
00000000
00000000
00000000
00000000
00000000
00000000
00000000
00000000
00000000
00000000
00000000
00000000
00000000
00000000
00000000
00000000
00000000
00000000
00000000
00000000
15000000
00000000
00000000
00000000
00000000
00000000
00000000
00000000
00000000
00000000
00000000
00000000
00000000
00000000
00000000
00000000
00000000
00000000
00000000
00000000
00000000
00000000
00000000
00000000
00000000
00000000
00000000
00000000
00000000
00000000
00000000
00000000
00000000
00000000
00000000
00000000
00000000
00000000
00000000
00000000
00000000
00000000
00000000
00000000
00000000
00000000
00000000
00000000
00000000
00000000
00000000
00000000
00000000
00000000
00000000
00000000
00000000
00000000
00000000
00000000
00000000
00000000
00000000
00000000
15000000
00000000
00000000
00000000
00000000
00000000
00000000
00000000
00000000
00000000
00000000
00000000
00000000
00000000
00000000
00000000
00000000
00000000
00000000
00000000
00000000
00000000
00000000
00000000
00000000
00000000
00000000
00000000
00000000
00000000
00000000
00000000
00000000
00000000
00000000
00000000
00000000
00000000
00000000
00000000
00000000
00000000
00000000
00000000
00000000
00000000
00000000
00000000
00000000
00000000
00000000
00000000
00000000
00000000
00000000
00000000
00000000
00000000
00000000
00000000
00000000
00000000
00000000
00000000
15000000
00000000
00000000
00000000
00000000
00000000
00000000
00000000
00000000
00000000
00000000
00000000
00000000
00000000
00000000
00000000
00000000
00000000
00000000
00000000
00000000
00000000
00000000
00000000
00000000
00000000
00000000
00000000
00000000
00000000
00000000
00000000
00000000
00000000
00000000
00000000
00000000
00000000
00000000
00000000
00000000
00000000
00000000
00000000
00000000
00000000
00000000
00000000
00000000
00000000
00000000
00000000
00000000
00000000
00000000
00000000
00000000
00000000
00000000
00000000
00000000
00000000
00000000
00000000
15000000
00000000
00000000
00000000
00000000
00000000
00000000
00000000
00000000
00000000
00000000
00000000
00000000
00000000
00000000
00000000
00000000
00000000
00000000
00000000
00000000
00000000
00000000
00000000
00000000
00000000
00000000
00000000
00000000
00000000
00000000
00000000
00000000
00000000
00000000
00000000
00000000
00000000
00000000
00000000
00000000
00000000
00000000
00000000
00000000
00000000
00000000
00000000
00000000
00000000
00000000
00000000
00000000
00000000
00000000
00000000
00000000
00000000
00000000
00000000
00000000
00000000
00000000
00000000
15000000
00000000
00000000
00000000
00000000
00000000
00000000
00000000
00000000
00000000
00000000
00000000
00000000
00000000
00000000
00000000
00000000
00000000
00000000
00000000
00000000
00000000
00000000
00000000
00000000
00000000
00000000
00000000
00000000
00000000
00000000
00000000
00000000
00000000
00000000
00000000
00000000
00000000
00000000
00000000
00000000
00000000
00000000
00000000
00000000
00000000
00000000
00000000
00000000
00000000
00000000
00000000
00000000
00000000
00000000
00000000
00000000
00000000
00000000
00000000
00000000
00000000
00000000
00000000
15000000
00000000
00000000
00000000
00000000
00000000
00000000
00000000
00000000
00000000
00000000
00000000
00000000
00000000
00000000
00000000
00000000
00000000
00000000
00000000
00000000
00000000
00000000
00000000
00000000
00000000
00000000
00000000
00000000
00000000
00000000
00000000
00000000
00000000
00000000
00000000
00000000
00000000
00000000
00000000
00000000
00000000
00000000
00000000
00000000
00000000
00000000
00000000
00000000
00000000
00000000
00000000
00000000
00000000
00000000
00000000
00000000
00000000
00000000
00000000
00000000
00000000
00000000
9c21ff88
d401481c
0400000e
15000000
b4600040
a4830004
bc040000
0c000002
15000000
040001c8
15000000
04000023
15000000
8521001c
9c210078
24000000
d4011000
d4011804
d4012008
d401280c
d4013010
d4013814
d4014018
d4015020
d4015824
d4016028
d401682c
d4017030
d4017834
d4018038
d401883c
d4019040
d4019844
d401a048
d401a84c
d401b050
d401b854
d401c058
d401c85c
d401d060
d401d864
d401e068
d401e86c
d401f070
44004800
15000000
84410000
84610004
84810008
84a1000c
84c10010
84e10014
85010018
85410020
85610024
85810028
85a1002c
85c10030
85e10034
86010038
8621003c
86410040
86610044
86810048
86a1004c
86c10050
86e10054
87010058
8721005c
87410060
87610064
87810068
87a1006c
87c10070
44004800
15000000
00000000
00000000
00000000
00000000
00000000
00000000
00000000
00000000
00000000
00000000
00000000
00000000
00000000
00000000
00000000
00000000
00000000
00000000
00000000
00000000
00000000
00000000
00000000
00000000
00000000
00000000
00000000
00000000
00000000
00000000
00000000
00000000
00000000
00000000
00000000
00000000
00000000
00000000
00000000
00000000
00000000
00000000
00000000
00000000
00000000
00000000
00000000
00000000
00000000
00000000
00000000
00000000
00000000
00000000
00000000
00000000
00000000
00000000
00000000
00000000
00000000
00000000
00000000
00000000
00000000
00000000
00000000
00000000
00000000
00000000
00000000
00000000
00000000
00000000
00000000
00000000
00000000
00000000
00000000
00000000
00000000
00000000
00000000
00000000
00000000
00000000
00000000
00000000
00000000
00000000
00000000
00000000
00000000
00000000
00000000
00000000
00000000
00000000
00000000
00000000
00000000
00000000
00000000
00000000
00000000
00000000
00000000
00000000
00000000
00000000
00000000
00000000
00000000
00000000
00000000
00000000
00000000
00000000
00000000
00000000
00000000
00000000
00000000
00000000
00000000
00000000
00000000
00000000
00000000
00000000
00000000
00000000
00000000
00000000
00000000
00000000
00000000
00000000
00000000
00000000
00000000
00000000
00000000
00000000
00000000
00000000
00000000
00000000
00000000
00000000
00000000
00000000
00000000
00000000
00000000
00000000
00000000
00000000
00000000
00000000
00000000
00000000
00000000
00000000
00000000
00000000
00000000
00000000
00000000
00000000
00000000
00000000
00000000
00000000
00000000
00000000
00000000
00000000
00000000
00000000
00000000
00000000
00000000
00000000
00000000
00000000
00000000
00000000
00000000
00000000
00000000
00000000
00000000
00000000
00000000
00000000
00000000
00000000
00000000
00000000
00000000
00000000
00000000
00000000
00000000
00000000
00000000
00000000
00000000
00000000
00000000
00000000
00000000
00000000
00000000
00000000
00000000
00000000
00000000
00000000
00000000
00000000
00000000
00000000
00000000
00000000
00000000
00000000
00000000
00000000
00000000
00000000
00000000
00000000
00000000
00000000
00000000
00000000
00000000
00000000
00000000
00000000
00000000
00000000
9c21fff8
d4011000
9c410008
1980b100
a98c0014
9dc00003
1ac0b100
aad60010
d40c7000
9d802210
9dc00001
d4166000
1980b100
a98c0018
d40c7000
84410000
44004800
9c210008
9c21fff8
d4011000
9c410008
1980b200
a98c0014
9dc00004
1ac0b200
aad60010
d40c7000
9d802410
9dc00001
d4166000
1980b200
a98c0018
d40c7000
84410000
44004800
9c210008
9c21fff8
d4011000
9c410008
1980b100
a98c0000
1b00b100
ab180010
d40c1800
9dc00000
85980000
a98c0100
d4186000
86d80000
a6d60100
e4367000
0c00000c
a98e0000
9ec0270f
e4acb000
0c000008
9dce0001
85980000
9e000000
a58c0100
e42c8000
13fffff9
a98e0000
1980b100
a98c0000
856c0000
84410000
44004800
9c210008
9c21fff8
d4011000
9c410008
1980b200
a98c0000
1b00b200
ab180010
d40c1800
9dc00000
85980000
a98c0100
d4186000
86d80000
a6d60100
e4367000
0c00000c
a98e0000
9ec0270f
e4acb000
0c000008
9dce0001
85980000
9e000000
a58c0100
e42c8000
13fffff9
a98e0000
1980b200
a98c0000
856c0000
84410000
44004800
9c210008
9c21fff8
d4011000
9c410008
19809a00
a98c0004
d40c1800
84410000
44004800
9c210008
9c21fff8
d4014800
d4011004
9c410008
9dc00000
1a000001
aa100000
e18e8000
d40c6000
9dce0004
9d800100
e48e6000
13fffff9
15000000
9dc00000
1a000001
aa100000
e18e8000
86cc0000
e4166000
10000006
9dce0004
07ffffe1
9c600055
00000000
15000000
9d800100
e48e6000
13fffff3
15000000
84410004
85210000
44004800
9c210008
9c21fff8
d4011000
9c410008
84410000
44004800
9c210008
9c21fff0
d4014800
d4011004
9c410010
d4015008
19809a00
a98c0008
9dc000ff
19400000
a94a0e98
d40c7000
9c600001
19809a00
a98c000c
9dc00000
d40c7000
48005000
15000000
07ffff57
15000000
48005000
9c600002
07ffff65
15000000
48005000
9c600003
07ffff73
9c600022
48005000
9c600004
07ffff90
9c600033
48005000
9c600005
07ffffb6
15000000
07ffffab
9c6000ff
03fffffe
15000000
85410008
84410004
85210000
44004800
9c210010
